21277876
21484934
21562281
21597966
21638108
21747398
21769101
21828112
21895523
21906419
21926580
21938488
21945692
21956440
22008364
22008914
22024484
22029604
22032949
22040739
22040773
22044784
22081168
22095678
22100185
22109969
22118937
22119652
22124178
22136196
22155042
22160195
22170327
22170764
22172286
22193697
22209809
22222721
22227453
22235252
22238156
22250661
22262359
22275481
22276914
22279569
22289426
22295895
22297150
22298121
22305529
22305750
22306153
22307032
22308017
22312136
22313227
22326986
22336945
22341369
22343289
22349648
22356801
22359339
22365465
22366081
22367038
22367731
22375807
22375940
22385968
22386453
22389244
22390706
22395209
22402653
22404658
22411228
22411788
22414616
22421165
22421803
22423352
22423353
22427905
22432927
22438936
22441986
22458992
22466349
22467830
22492041
22496567
22503782
22506078
22511719
22516044
22524275
22532442
22534626
22535257
22543841
22551798
22561485
22563324
22564678
22565858
22570404
22571775
22574736
22577221
22578550
22581312
22581838
22583494
22591860
22592057
22593056
22593075
22610912
22614770
22615713
22617619
22618964
22628087
22641211
22642771
22650379
22652673
22652929
22658325
22659476
22668827
22676371
22676966
22677471
22681682
22681693
22681697
22689948
22691439
22700082
22705040
22714007
22715879
22722512
22723688
22731961
22736033
22760300
22761429
22761770
22764360
22771240
22776901
22778411
22781874
22791801
22792072
22795968
22796990
22800991
22811460
22815187
22820342
22821557
22822392
22827472
22843099
22843412
22848407
22860199
22871531
22885775
22887750
22889921
22892395
22898316
22901949
22906515
22906685
22906792
22910406
22910768
22911895
22912714
22932709
22934662
22937209
22964922
22968319
22968816
22978511
22987673
22993692
23000368
23000975
23010768
23010948
23019245
23026912
23028905
23032395
23032874
23045560
23046903
23053667
23060188
23060860
23062748
23069809
23072837
23077066
23084540
23091121
23096955
23097380
23108894
23114567
23128073
23128074
23130085
23132269
23135321
23136433
23141059
23144664
23144957
23144995
23148296
23149042
23154096
23158458
23159599
23162424
23172108
23172656
23174092
23183107
23184972
23185249
23188540
23200784
23206319
23211397
23217739
23221599
23226948
23228208
23245747
23253771
23259953
23261658
23261874
23265839
23266928
23295814
23296594
23299245
23300133
23301031
23305560
23311872
23315946
23318272
23319002
23319907
23336038
23342960
23348010
23349060
23355820
23357445
23361612
23363408
23364679
23365223
23372548
23374639
23376550
23376789
23377287
23377668
23384512
23388835
23397317
23398584
23398908
23401511
23404442
23407806
23407947
23407954
23422049
23423476
23426666
23427168
23434290
23440468
23450237
23450283
23450288
23452685
23453697
23453885
23457511
23462230
23466699
23468076
23471118
23472710
23483724
23485515
23495126
23504356
23505562
23507190
23507523
23510445
23512004
23517654
23517885
23521846
23525516
23531697
23540908
23541333
23542881
23542914
23545058
23545794
23546600
23548331
23552096
23555781
23565936
23566357
23567883
23571417
23571418
23577094
23582869
23583742
23587686
23588186
23595736
23595765
23597242
23608709
23612789
23612877
23613827
23616526
23616533
23622848
23622854
23624686
23630162
23633749
23637621
23638100
23658391
23667827
23682839
23688914
23689535
23689537
23692663
23696279
23698280
23698315
23705677
23706040
23706681
23707587
23709642
23715094
23723044
23724168
23726512
23730279
23732841
23732972
23737413
23738869
23748445
23748500
23752248
23758896
23759454
23775979
23784897
23785114
23792944
23794107
23798350
23798387
23799655
23800469
23804017
23808483
23810621
23817547
23818321
23818876
23827886
23830543
23831342
23831965
23840348
23843508
23849682
23850106
23868334
23868733
23868881
23872390
23874279
23874288
23875001
23876043
23878240
23880382
23891883
23906351
23908599
23908600
23911259
23921125
23926239
23929092
23930595
23932535
23933821
23934998
23938343
23942997
23947542
23949569
23951057
23958598
23959883
23965266
23977455
23980912
23981139
23990902
23991097
23992923
23993788
23995581
23998447
23998912
24001473
24012072
24016692
24021505
24023391
24024876
24027060
24031052
24038744
24042076
24054151
24054154
24054158
24056237
24058514
24066700
24076222
24076609
24077565
24085849
24094104
24094875
24103187
24105343
24121203
24121738
24126925
24126930
24134130
24139032
24141993
24142124
24142126
24142842
24145376
24147864
24150249
24151253
24151499
24155303
24160420
24168713
24184556
24198353
24204291
24211147
24225488
24233052
24239048
24239931
24243344
24259436
24274034
24281907
24285880
24287374
24287438
24288173
24290463
24290728
24294519
24313567
24332923
24337881
24341305
24342386
24342851
24343890
24344883
24344922
24353110
24356715
24360541
24360550
24367996
24384401
24385311
24388977
24392693
24393808
24399421
24409134
24415902
24431462
24432006
24443797
24447899
24456395
24464944
24468824
24468826
24473536
24474784
24480874
24480998
24485273
24489671
24493839
24497013
24507194
24507568
24514568
24530838
24532838
24535612
24550152
24550874
24567337
24567402
24584458
24586526
24597757
24617738
24622210
24624055
24633560
24652486
24653526
24655655
24670521
24671068
24672012
24679390
24690112
24695228
24695712
24697257
24702431
24702987
24706828
24716501
24718902
24718920
24745957
24746848
24753214
24753564
24759063
24768108
24793011
24799679
24806683
24812083
24813812
24814146
24821223
24836688
24839880
24839881
24841078
24844742
24844978
24846476
24847219
24863146
24872505
24886788
24899316
24911320
24921937
24922494
24927158
24929048
24929661
24935904
24936083
24936215
24949670
24954281
24955551
24961159
24966298
24966374
24968245
24972186
24983240
24989351
24996170
24999315
24999321
25019955
25023143
25031254
25031392
25031393
25033183
25041984
25047645
25055384
25056514
25057839
25060095
25061059
25062598
25070353
25088028
25092328
25093397
25100935
25111785
25123416
25133536
25145744
25146308
25146371
25164679
25169854
25171424
25178407
25180010
25182535
25195638
25199916
25199919
25209272
25217482
25222617
25224527
25238579
25239161
25239176
25245346
25251485
25251875
25261738
25273303
25275463
25279001
25285035
25287572
25287832
25290064
25297106
25309390
25313512
25325502
25325534
25329522
25344944
25359951
25368179
25389393
25400146
25405938
25415836
25429046
25430779
25440309
25445775
25446228
25449746
25456448
25482179
25484991
25499436
25500831
25519318
25520163
25521376
25524788
25524789
25544024
25548109
25550068
25550331
25552568
25564232
25565935
25568109
25572309
25579054
25579448
25580306
25581237
25589754
25590427
25592045
25599264
25607358
25609630
25610792
25613079
25626926
25628792
25632124
25632130
25634913
25645374
25646593
25648202
25653384
25655160
25658452
25658609
25665134
25665965
25673835
25676478
25677455
25683292
25685703
25691090
25691504
25695941
25704493
25706833
25706912
25712496
25715284
25722962
25726893
25730879
25732146
25732830
25733951
25739505
25740528
25743045
25754824
25755242
25762904
25766898
25769305
25773515
25780557
25784862
25789509
25791528
25815510
25815813
25819937
25820840
25820841
25824302
25833070
25834051
25845469
25853637
25853791
25855170
25858255
25865143
25886553
25899613
25904783
25910001
25912296
25915120
25917936
25920013
25923389
25933410
25950631
25951752
25951819
25953106
25954495
25961639
25962608
25964365
25968087
25972172
25973803
25979002
25979787
26004661
26015576
26032890
26041980
26051420
26052981
26059603
26071624
26082563
26088974
26101719
26106532
26106537
26109388
26121594
26124112
26137973
26148857
26149609
26151674
26170674
26175498
26178381
26180100
26184070
26185269
26203187
26210331
26211730
26212336
26226287
26228403
26228407
26231264
26234589
26245836
26265321
26272051
26283601
26283982
26285132
26289392
26290251
26298770
26309446
26311774
26320681
26320813
26321018
26328977
26338326
26342468
26359940
26361892
26362917
26366376
26382006
26385796
26386044
26417089
26432947
26434627
26435832
26437907
26441155
26447394
26455796
26473981
26480349
26490569
26490854
26493339
26493637
26503065
26503305
26508570
26510041
26514176
26523416
26534952
26541581
26544668
26553222
26553986
26554021
26572539
26572659
26578853
26584865
26586413
26588360
26589772
26620722
26627261
26640766
26641128
26647018
26650482
26654786
26656645
26658428
26658670
26659306
26668211
26673891
26683197
26700927
26703909
26705858
26707975
26711527
26712276
26716142
26719236
26728562
26728893
26740648
26740963
26745832
26759481
26762184
26771536
26779590
26782052
26783591
26784704
26796534
26802780
26806518
26806874
26809511
26822065
26824031
26826513
26844269
26848839
26849447
26850512
26854805
26857598
26867559
26867988
26868974
26871738
26875722
26891986
26903251
26908679
26911691
26912997
26915513
26921714
26922673
26924633
26924680
26925706
26941239
26955650
26956908
26956927
26974435
26974743
26976146
26976270
26976640
26997505
27000502
27004471
27004799
27014603
27017280
27019727
27026294
27045550
27046644
27051064
27053961
27061356
27062170
27063785
27066531
27087244
27094323
27095027
27096572
27100195
27105060
27109071
27110997
27112498
27113501
27117414
27118025
27129757
27130657
27133866
27138214
27150109
27166296
27167866
27171905
27178705
27180071
27195792
27199669
27211474
27217148
27225764
27227362
27228140
27229124
27238063
27239972
27252401
27257630
27269606
27271859
27276526
27280962
27288821
27294193
27296760
27300187
27313548
27318133
27318271
27329686
27329760
27337418
27343883
27347445
27347888
27351599
27356918
27358459
27362845
27369069
27377316
27395327
27434207
27436169
27444562
27453157
27457271
27458367
27465715
27465858
27469020
27475290
27476529
27477017
27492789
27499012
27501382
27502749
27510298
27510426
27513807
27524483
27524619
27566120
27568516
27570108
27571506
27581371
27588001
27609244
27613155
27618674
27621368
27622910
27629710
27641312
27642657
27647894
27652894
27667003
27668389
27678381
27692699
27694991
27699208
27699940
27720488
27721468
27725657
27734417
27737697
27749843
27751941
27751943
27752082
27760068
27769727
27770433
27770478
27773827
27780778
27781556
27786180
27786302
27794252
27796303
27814457
27817846
27837919
27839782
27841935
27855059
27856631
27857683
27862192
27866476
27867088
27870851
27886569
27900801
27909322
27909830
27914292
27918285
27922009
27922621
27923040
27929610
27932956
27934961
27940212
27956209
27959513
27976681
27980650
27999532
28002572
28011742
28017605
28029593
28044013
28044059
28053326
28062252
28065825
28066227
28068564
28070122
28070266
28072411
28089759
28092469
28093568
28098162
28103715
28104285
28113111
28120370
28123082
28126896
28127279
28127907
28127909
28145069
28148725
28161363
28164364
28171724
28174334
28179461
28213445
28223508
28230406
28230838
28242797
28247416
28253736
28262250
28274677
28275714
28289281
28290265
28314450
28314818
28322082
28334640
28336193
28340442
28352111
28359017
28363151
28363977
28369611
28370463
28379435
28380331
28387222
28388632
28392491
28398812
28408291
28414301
28418035
28420798
28427285
28433092
28436445
28450544
28457485
28461058
28473258
28494198
28495493
28495886
28497568
28498336
28506544
28514059
28541649
28543958
28546426
28548302
28549798
28555565
28568910
28569666
28611578
28611584
28617242
28629541
28630892
28640243
28640272
28642691
28651795
28656458
28669915
28681254
28687520
28690111
28722464
28722481
28727685
28728018
28729679
28740249
28745646
28757306
28780401
28781753
28782682
28803877
28805428
28807647
28814466
28829807
28830724
28838469
28880888
28892068
28950161
29052317
29497348
29560901